#  The electron-muon Triplet Production inelasticity [e\gamma -> e \mu \mu] . 
#  First column: s [eV^2] 
#  Second column: The energy fraction of the two muons, 
#  Third column: The energy fraction of the high-energy muon, 
#  Fourth column: The energy fraction of the low-energy muon. 
# 
4.839999999859124000e+16 1.000000000000000025e-300 1.000000000000000025e-300 1.000000000000000025e-300
6.624168575362908800e+16 3.669728877765455199e-01 3.669953507886772881e-01 1.495071806116170708e-50
9.066035005968708800e+16 2.875515729268708354e-01 2.875620564757170317e-01 1.092385774979432500e-50
1.240804640647753760e+17 2.257804083246428561e-01 2.257758175631696951e-01 7.981601092993720248e-51
1.698202302042184960e+17 1.775776063951864936e-01 1.775773390278453656e-01 5.831818543689487784e-51
2.324210425153369920e+17 1.396185469803648826e-01 1.253497528045404708e-01 1.426284735956355638e-02
3.180983823402462080e+17 1.096185270873338280e-01 8.219269410107461760e-02 2.741984347769789096e-02
4.353589485572130560e+17 8.586210919449784040e-02 5.400113494026503869e-02 3.187428485665064204e-02
5.958452642347051520e+17 6.714692267602102860e-02 3.601532386329022589e-02 3.112616467462042333e-02
8.154916302051618560e+17 5.238927965423733485e-02 2.442773470566138999e-02 2.795303352469967820e-02
1.116106210298056960e+18 4.075724499266070167e-02 1.682714653103690658e-02 2.394577223352254217e-02
1.527536308029373952e+18 3.168074182442608827e-02 1.173907683695881062e-02 1.994997400119911599e-02
2.090631830167780864e+18 2.458059208331769829e-02 8.274216086156447464e-03 1.630636962582350177e-02
2.861301184348500480e+18 1.902369779350113546e-02 5.879470794556131315e-03 1.314756045531486998e-02
3.916062283967793152e+18 1.468688373010116656e-02 4.204079073862903096e-03 1.048419348095321058e-02
5.359639856028147712e+18 1.133808337423618598e-02 3.020430392161876487e-03 8.321058416237687647e-03
7.335363175162745856e+18 8.732120580348239416e-03 2.178861890324722619e-03 6.552691689149047968e-03
1.003939731960063181e+19 6.707941704492915644e-03 1.575940810484235781e-03 5.125954803174580070e-03
1.374021900629841510e+19 5.142077840352686849e-03 1.142576710499067314e-03 4.001785766649043619e-03
1.880527422734342144e+19 3.948449209421263893e-03 8.296378013869334152e-04 3.119244193548063610e-03
2.573746031288519885e+19 3.020980259576462688e-03 6.033294297954073767e-04 2.417088864210130937e-03
3.522505709191400243e+19 2.306259224058987683e-03 4.391724577598343131e-04 1.867890874870872884e-03
4.821006561827185459e+19 1.756604421006045715e-03 3.199427839450969696e-04 1.434820599959918614e-03
6.598173607531134976e+19 1.338926851765839116e-03 2.332229169240236308e-04 1.105906827819951076e-03
9.030457510803937690e+19 1.017252633375532317e-03 1.701022596447817139e-04 8.478739265667007167e-04
1.235935397240026563e+20 7.729689899929094443e-04 1.240973715876915126e-04 6.482895712728939256e-04
1.691538109408371016e+20 5.852537760822211542e-04 9.055913983817848330e-05 4.947047646472164202e-04
2.315089595215255306e+20 4.402419968250062890e-04 6.609131347072409735e-05 3.743195979866334282e-04
3.168500791521569669e+20 3.346766254545803314e-04 4.823560210429762141e-05 2.873084368511513438e-04
4.336504875835970028e+20 2.495525686487825201e-04 3.519124987488259451e-05 2.161799688780621353e-04
5.935070050208006799e+20 1.929666230783564154e-04 2.566609921495288465e-05 1.667903893974410435e-04
8.122914281282382070e+20 1.447312050996616404e-04 1.872428333146916924e-05 1.250348415517934164e-04
1.521541851849698312e+21 7.727320114190486635e-05 9.996159375772016977e-06 6.675119050220317625e-05
1.680047620989654139e+21 6.998345893189946538e-05 9.053061745379277869e-06 6.045348283048444142e-05
1.855065639740149858e+21 6.338135339243824605e-05 8.198941601941047675e-06 5.474993867285522418e-05
2.048316062444370264e+21 5.740203056065680564e-05 7.425404275669476665e-06 4.958450107972659204e-05
2.261698239559478542e+21 5.198675126762444495e-05 6.724847100274231725e-06 4.490640185035311678e-05
2.497309385311433785e+21 4.708231493578753259e-05 6.090384690601774880e-06 4.066966256054351832e-05
2.757465190041993085e+21 4.264053761244992433e-05 5.515781270031284967e-06 3.683264266641475722e-05
3.044722579835721875e+21 3.861777914500532261e-05 4.995389382509032371e-06 3.335763024274424971e-05
3.361904847118029816e+21 3.497451488022000333e-05 4.524094386857850600e-06 3.021047133352390760e-05
3.712129399219556975e+21 3.167494770216030034e-05 4.097264187825610992e-06 2.736023427180295475e-05
4.098838397631261049e+21 2.868665661552333252e-05 3.710703709808749290e-06 2.477890566961336977e-05
4.525832589087194743e+21 2.598027843672751343e-05 3.360613665797227385e-06 2.244111509002562154e-05
4.997308660980841972e+21 2.352921947763233148e-05 3.043553216304956086e-06 2.032388569529741595e-05
5.517900488261564891e+21 2.130939439911344753e-05 2.756406151280322547e-06 1.840640842036869832e-05
6.092724677202742870e+21 1.929898967681804032e-05 2.496350262618436259e-06 1.666983745218637600e-05
6.727430853667093217e+21 1.747824936169116493e-05 2.260829606253954933e-06 1.509710500473323724e-05
7.428257190123077108e+21 1.582928103568205817e-05 2.047529381214769065e-06 1.367275356929469992e-05
8.202091717157942460e+21 1.433588006042741655e-05 1.854353178736101243e-06 1.238278399123864084e-05
9.056540022082316009e+21 1.298337039562049350e-05 1.679402377829921621e-06 1.121451788014536145e-05
1.000000000000000000e+22 1.175846042588978700e-05 1.520957484799686413e-06 1.015647300098941365e-05
