#  Double Pair Production Inelasticity (The energy fraction of the outgoing electrons). 
#  First column: s [eV^2] 
#  Second column: Leading Forward Scattered Electron Inelasticity [Dimensionless]
#  Third Column: Backward High-Energy Electron Inelasticity 
#  Fourth Column: Backward Low-Energy Electron Inelasticity 
#  
1.000000000000000000e+12 1.000000000000000025e-300 1.000000000000000025e-300 1.000000000000000025e-300
1.261856883066018555e+12 1.000000000000000025e-300 1.000000000000000025e-300 1.000000000000000025e-300
1.592282793341093750e+12 1.000000000000000025e-300 1.000000000000000025e-300 1.000000000000000025e-300
2.009233002565045898e+12 1.000000000000000025e-300 1.000000000000000025e-300 1.000000000000000025e-300
2.535364493970116699e+12 1.000000000000000025e-300 1.000000000000000025e-300 1.000000000000000025e-300
3.199267137797384277e+12 1.000000000000000025e-300 1.000000000000000025e-300 1.000000000000000025e-300
4.037017258596549805e+12 1.000000000000000025e-300 1.000000000000000025e-300 1.000000000000000025e-300
5.094138014816385742e+12 1.000000000000000025e-300 1.000000000000000025e-300 1.000000000000000025e-300
6.428073117284319336e+12 2.512727484551344206e-34 9.790690988720034127e-02 6.725618053038663613e-02
8.111308307896855469e+12 5.216561480329774403e-01 8.041348909536802370e-02 5.226593860876652120e-02
1.023531021899026953e+13 5.483268476723928142e-01 6.647875312507192658e-02 4.043584158231302433e-02
1.291549665014882617e+13 5.658832315548830705e-01 5.469841005202782241e-02 3.157024497374906480e-02
1.629750834620646875e+13 5.847154664576106331e-01 4.529285934066436953e-02 2.457240137022432408e-02
2.056512308348651562e+13 6.000397993763904037e-01 3.727617224104848997e-02 1.925237698341185355e-02
2.595024211399732031e+13 6.145818553216880753e-01 3.086453714718950109e-02 1.505149802538326663e-02
3.274549162877731641e+13 6.272223977134980810e-01 2.539912388944004853e-02 1.182181263376281925e-02
4.132012400115334375e+13 6.392149942562596054e-01 2.102093212968358937e-02 9.270519906019760586e-03
5.214008287999674219e+13 6.491762223554887745e-01 1.729331086331820783e-02 7.293603224039334025e-03
6.579332246575682031e+13 6.596475784245531271e-01 1.430333955781145500e-02 5.731452788865350374e-03
8.302175681319735938e+13 6.673450243851570818e-01 1.176532637463681939e-02 4.514705134749484074e-03
1.047615752789666250e+14 6.760017388814970607e-01 9.726724892730711364e-03 3.553065416283791508e-03
1.321941148466028750e+14 6.825451826579993497e-01 8.000122933706516754e-03 2.801618786997371862e-03
1.668100537200055625e+14 6.893439526876017354e-01 6.611453127722896270e-03 2.207589222483233478e-03
2.104904144512021875e+14 6.952898805856227993e-01 5.438153615329422222e-03 1.742117744059555563e-03
2.656087782946684062e+14 7.010264680287640049e-01 4.493236726907860572e-03 1.374135508092306363e-03
3.351602650938847500e+14 7.062887685008478744e-01 3.696586591889596766e-03 1.085353779825199696e-03
4.229242874389498750e+14 7.114858769170883113e-01 3.054225834032720313e-03 8.569527775647608602e-04
5.336699231206301875e+14 7.158812657788197198e-01 2.513970744019641389e-03 6.772318048988955081e-04
6.734150657750828750e+14 7.206417865733394379e-01 2.074982987540649037e-03 5.350943557989570930e-04
8.497534359086438750e+14 7.245836510333608649e-01 1.699529065297497197e-03 4.231857344981534009e-04
1.072267222010325375e+15 7.287896616446102316e-01 1.373035627430193835e-03 3.346199045548956972e-04
1.353047774579807500e+15 7.322377102688556461e-01 1.047823324261152461e-03 2.647081343744837629e-04
1.707352647470688750e+15 7.357059203272051651e-01 8.009155670760495548e-04 2.093873121355215646e-04
2.154434690031886750e+15 7.388993651907881377e-01 6.277775640121441075e-04 1.657195164871935256e-04
2.718588242732940000e+15 7.418561222147680434e-01 4.980727287338572321e-04 1.311473981895667920e-04
3.430469286314926000e+15 7.444202623976888811e-01 4.095166652992116778e-04 1.038138127858763941e-04
4.328761281083061500e+15 7.469878301439092372e-01 3.407972193022915466e-04 8.217417246565390310e-05
5.462277217684337000e+15 7.492612359440581349e-01 2.888669841179261838e-04 6.506282127837753463e-05
6.892612104349681000e+15 7.516365834506313348e-01 2.467689506133406686e-04 5.151481610716960419e-05
8.697490026177834000e+15 7.535675651927482566e-01 2.119091625423925027e-04 4.079800019263855990e-05
1.097498765493059000e+16 7.555067385513279943e-01 1.827987010753515204e-04 3.231040854205808076e-05
1.384886371393874600e+16 7.571753704410369989e-01 1.575679504003661853e-04 2.559185485279310898e-05
1.747528400007683000e+16 7.587033530174788210e-01 1.356594371792700497e-04 2.027062983200448690e-05
2.205130739903041200e+16 7.600407050939700371e-01 1.157367190030601518e-04 1.605781675489273484e-05
2.782559402207114400e+16 7.612816392081224182e-01 9.877835541568938740e-05 1.272030772927386817e-05
3.511191734215141600e+16 7.624314899860746841e-01 8.389802033739982999e-05 1.007671096363195739e-05
4.430621457583886400e+16 7.635109980149231701e-01 7.107591928219469837e-05 7.982384304998798205e-06
5.590810182512222400e+16 7.643518863745467629e-01 5.974579882294421215e-05 6.323436502842243770e-06
7.054802310718631200e+16 7.652409754688449528e-01 4.998238887637000612e-05 5.009786907843679463e-06
8.902150854450356800e+16 7.660946072557908160e-01 4.142379025882461256e-05 3.969828910619971084e-06
1.123324032978031200e+17 7.668525119002204127e-01 3.437150459698204370e-05 3.145521025043823927e-06
1.417474162926807680e+17 7.674728233802744493e-01 2.852211428264352140e-05 2.492117567679320126e-06
1.788649529057435200e+17 7.679100289278408820e-01 2.356051583505798188e-05 1.974617489751203378e-06
2.257019719633916800e+17 7.681904365472663754e-01 1.933781513379405221e-05 1.564784811140838175e-06
2.848035868435793280e+17 7.685235837267995196e-01 1.581919570305808387e-05 1.239957721273329524e-06
3.593813663804640640e+17 7.689524869243653526e-01 1.288903479976349887e-05 9.825034893851320841e-07
4.534878508128591360e+17 7.693421047886299657e-01 1.047434723406673418e-05 7.785231229051383040e-07
5.722367659350220160e+17 7.696327405208965855e-01 8.490439532304683569e-06 6.169084013523854588e-07
7.220809018385456640e+17 7.697739396238558740e-01 6.874218481498145785e-06 4.887843926073453976e-07
9.111627561154868480e+17 7.696958629016162901e-01 5.562568284972999924e-06 3.872153145934288916e-07
1.149756995397740288e+18 7.699021052401170406e-01 4.475442339936519351e-06 3.068333895672478139e-07
1.450828778495943168e+18 7.703778768776783359e-01 3.583147860528338515e-06 2.432029799082325209e-07
1.830738280295369728e+18 7.703234774073365321e-01 2.922254995752389581e-06 1.927165581524413955e-07
2.310129700083158016e+18 7.698529348452664012e-01 2.425980978606516218e-06 1.526710374477460955e-07
2.915053062825169920e+18 7.695794768302677280e-01 1.962435224857004988e-06 1.209528909658812609e-07
3.678379771828649472e+18 7.695144962159778945e-01 1.556706335415576030e-06 9.582622147898161531e-08
4.641588833612791808e+18 7.696845644117594754e-01 1.234575609841525050e-06 7.593923391284810944e-08
5.857020818056673280e+18 7.700852444619242787e-01 9.789929900399827613e-07 6.019190329545315812e-08
7.390722033525775360e+18 7.701500051774103905e-01 7.761439844731742696e-07 4.769791170723975074e-08
9.326033468832180224e+18 7.698687790211519166e-01 6.152499901059809976e-07 3.778997988139748371e-08
1.176811952435003802e+19 7.698625000143206609e-01 4.877571278284060861e-07 2.994513009709464184e-08
1.484968262254457446e+19 7.700167083779434485e-01 3.867266145804444367e-07 2.373116323293272863e-08
1.873817422860386714e+19 7.699185741585569120e-01 3.065094117863504917e-07 1.880474580524663822e-08
2.364489412645407130e+19 7.696862544747562485e-01 2.428805076385703580e-07 1.489989765909178270e-08
2.983647240283334246e+19 7.697661049243976761e-01 1.925057101731682862e-07 1.180846837527787040e-08
3.764935806792455782e+19 7.700500588694950688e-01 1.526018783425079231e-07 9.359636420543884828e-09
4.750810162102774170e+19 7.701883177542522274e-01 1.209088316065591917e-07 7.418240652596172958e-09
5.994842503189421261e+19 7.702313742247680617e-01 9.577073644416066467e-08 5.879486552895575996e-09
7.564633275546289766e+19 7.705677644385660052e-01 7.590879841818329291e-08 4.660459082809927050e-09
9.545484566618328269e+19 7.711557941914212178e-01 6.018531581682123790e-08 3.694515706766064081e-09
1.204503540258788475e+20 7.707281042275218041e-01 4.771799703452928477e-08 2.926690328974556576e-09
1.519911082952926822e+20 7.698592253553777631e-01 3.783616912579022898e-08 2.317615766574524399e-09
1.917910261672492728e+20 7.698539100587754591e-01 3.000586307944084131e-08 1.836376503580541177e-09
2.420128264794383319e+20 7.701101713861797649e-01 2.380067408233497190e-08 1.455323876874271007e-09
3.053855508833412710e+20 7.701870664907332076e-01 1.884750374931213073e-08 1.153536491997204436e-09
3.853528593710550876e+20 7.701727390020637332e-01 1.491522317157940085e-08 9.144123842866106170e-10
4.862601580065333576e+20 7.702446580228277107e-01 1.181987867417051147e-08 7.247055215009334608e-10
6.135907273413188649e+20 7.703404453954620923e-01 9.370423455584134865e-09 5.743312512051019667e-10
7.742636826811276984e+20 7.701276536153972563e-01 7.430052824899815267e-09 4.550106830345796919e-10
9.770099572992247071e+20 7.697291800892676061e-01 5.892455614054112504e-09 3.604291775088824946e-10
1.232846739442063376e+21 7.696877772305927845e-01 4.662523671061002399e-09 2.856092942133624269e-10
1.555676143930465845e+21 7.696877772305927845e-01 3.686435455633909096e-09 2.263321573425158524e-10
1.963040650040276419e+21 7.696877772305927845e-01 2.923089859998721470e-09 1.794476395852006846e-10
2.477076355991713874e+21 7.696877772305927845e-01 2.319161807556433694e-09 1.423015447253610141e-10
3.125715849688235114e+21 7.696877772305927845e-01 1.839885991521703650e-09 1.128412922512506351e-10
3.944206059437647987e+21 7.696877772305927845e-01 1.460015814144948322e-09 8.949278988636073917e-11
4.977023564332093407e+21 7.696877772305927845e-01 1.158485978698757917e-09 7.044416108206009964e-11
6.280291441834272489e+21 7.696877772305927845e-01 9.195008035627963786e-10 5.531730631441643509e-11
7.924828983539185746e+21 7.696877772305927845e-01 7.208489152901004847e-10 4.423908593402502712e-11
1.000000000000000000e+22 7.696877772305927845e-01 5.630744011062722373e-10 3.549379887060884854e-11
