#  Charged Pion Pair Production Inelasticity in Born approximation level (The energy fraction of the leading outgoing pion). 
#  First column: s [eV^2] 
#  Second column: Inelasticity [Dimensionless]
# 
3.162277660168379200e+16 5.000000000000000025e-01
3.235936569296294400e+16 5.000000000000000025e-01
3.311311214825907600e+16 5.000000000000000025e-01
3.388441561392034400e+16 5.000000000000000025e-01
3.467368504525309600e+16 5.000000000000000025e-01
3.548133892335760400e+16 5.000000000000000025e-01
3.630780547701002400e+16 5.000000000000000025e-01
3.715352290971728000e+16 5.000000000000000025e-01
3.801893963205596800e+16 5.000000000000000025e-01
3.890451449942804800e+16 5.000000000000000025e-01
3.981071705534985600e+16 5.000000000000000025e-01
4.073802778041121600e+16 5.000000000000000025e-01
4.168693834703363200e+16 5.000000000000000025e-01
4.265795188015916800e+16 5.000000000000000025e-01
4.365158322401665600e+16 5.000000000000000025e-01
4.466835921509616800e+16 5.000000000000000025e-01
4.570881896148752000e+16 5.000000000000000025e-01
4.677351412872000000e+16 5.000000000000000025e-01
4.786300923226380000e+16 5.000000000000000025e-01
4.897788193684476000e+16 5.000000000000000025e-01
5.011872336272714400e+16 5.000000000000000025e-01
5.128613839913658400e+16 5.000000000000000025e-01
5.248074602497712000e+16 5.000000000000000025e-01
5.370317963702532800e+16 5.000000000000000025e-01
5.495408738576225600e+16 5.000000000000000025e-01
5.623413251903491200e+16 5.000000000000000025e-01
5.754399373371590400e+16 5.000000000000000025e-01
5.888436553555884000e+16 5.000000000000000025e-01
6.025595860743593600e+16 5.000000000000000025e-01
6.165950018614809600e+16 5.000000000000000025e-01
6.309573444801943200e+16 5.000000000000000025e-01
6.456542290346536000e+16 5.000000000000000025e-01
6.606934480075964000e+16 5.000000000000000025e-01
6.760829753919791200e+16 5.000000000000000025e-01
6.918309709189362400e+16 5.000000000000000025e-01
7.079457843841402400e+16 5.000000000000000025e-01
7.244359600749891200e+16 5.000000000000000025e-01
7.413102413009192000e+16 5.000000000000000025e-01
7.585775750291820800e+16 5.000000000000000025e-01
7.762471166286928000e+16 5.000000000000000025e-01
7.943282347242788800e+16 5.345199141631288287e-01
8.128305161640995200e+16 5.509182057705165336e-01
8.317637711026742400e+16 5.630191720064401384e-01
8.511380382023758400e+16 5.730211778721219229e-01
8.709635899560832000e+16 5.817192348888414744e-01
8.912509381337440000e+16 5.895092862104513998e-01
9.120108393559115200e+16 5.966223805541116532e-01
9.332543007969886400e+16 6.032070582574524664e-01
9.549925860214369600e+16 6.093653154600709998e-01
9.772372209558072000e+16 6.151706209981525619e-01
1.000000000000000000e+17 6.206778583027215968e-01
1.023292992280757760e+17 6.259292208645326205e-01
1.047128548050898560e+17 6.309579089076974290e-01
1.071519305237609280e+17 6.357905531275348521e-01
1.096478196143182880e+17 6.404488629459785809e-01
1.122018454301965280e+17 6.449507820884380349e-01
1.148153621496879360e+17 6.493113199477520414e-01
1.174897554939530240e+17 6.535431631164480004e-01
1.202264434617408160e+17 6.576571339723374932e-01
1.230268770812381120e+17 6.616625404316633929e-01
1.258925411794171360e+17 6.655674467320573662e-01
1.288249551693132320e+17 6.693788858828580990e-01
1.318256738556410080e+17 6.731030283669877656e-01
1.348962882591650560e+17 6.767453175597089032e-01
1.380384264602886720e+17 6.803105795058290717e-01
1.412537544622749760e+17 6.838031127131523057e-01
1.445439770745928000e+17 6.872267622069120341e-01
1.479108388168213120e+17 6.905849810680242395e-01
1.513561248436207040e+17 6.938808819291960583e-01
1.548816618912485760e+17 6.971172803473492108e-01
1.584893192461111040e+17 7.002967315539797566e-01
1.621810097358933120e+17 7.034215617690512401e-01
1.659586907437556160e+17 7.064938950219995517e-01
1.698243652461745920e+17 7.095156762365714131e-01
1.737800828749369280e+17 7.124886911905344844e-01
1.778279410038922880e+17 7.154145838470127305e-01
1.819700858609990080e+17 7.182948714637383825e-01
1.862087136662865600e+17 7.211309578144817767e-01
1.905460717963252160e+17 7.239241447992058598e-01
1.949844599758041600e+17 7.266756426728677720e-01
1.995262314968882880e+17 7.293865790887938960e-01
2.041737944669523200e+17 7.320580070971834941e-01
2.089296130854040960e+17 7.346909122836376982e-01
2.137962089502223680e+17 7.372862191015538968e-01
2.187761623949552000e+17 7.398447965401154791e-01
2.238721138568346880e+17 7.423674631949046532e-01
2.290867652767769920e+17 7.448549918155935590e-01
2.344228815319927360e+17 7.473081133923530350e-01
2.398832919019485120e+17 7.497275208342663033e-01
2.454708915685033600e+17 7.521138722858605741e-01
2.511886431509571840e+17 7.544677941218147499e-01
2.570395782768864640e+17 7.567898836547783947e-01
2.630267991895392320e+17 7.590807115868259958e-01
2.691534803926913920e+17 7.613408242313064456e-01
2.754228703338174400e+17 7.635707455286336875e-01
2.818382931264449280e+17 7.657709788767443904e-01
2.884031503126611840e+17 7.679420087946055018e-01
2.951209226666378240e+17 7.700843024349895982e-01
3.019951720402019200e+17 7.721983109609875662e-01
3.090295432513579520e+17 7.742844702654764211e-01
3.162277660168379520e+17 7.763432041338298450e-01
3.235936569296294400e+17 7.783749231808464453e-01
3.311311214825907840e+17 7.803800246667516038e-01
3.388441561392034560e+17 7.823588971597608133e-01
3.467368504525309440e+17 7.843119186223501682e-01
3.548133892335760640e+17 7.862394577745898117e-01
3.630780547701002880e+17 7.881418747469466357e-01
3.715352290971728000e+17 7.900195216747951665e-01
3.801893963205596800e+17 7.918727432396750476e-01
3.890451449942804480e+17 7.937018771618638002e-01
3.981071705534985600e+17 7.955072546483699103e-01
4.073802778041121920e+17 7.972892008001887243e-01
4.168693834703363840e+17 7.990480349822279837e-01
4.265795188015916800e+17 8.007840711590781257e-01
4.365158322401665280e+17 8.024976181995361335e-01
4.466835921509616640e+17 8.041889801737491794e-01
4.570881896148752000e+17 8.058584565220425766e-01
4.677351412872000000e+17 8.075063423963795284e-01
4.786300923226380160e+17 8.091329287905150158e-01
4.897788193684476160e+17 8.107385027414856227e-01
5.011872336272714880e+17 8.123233474951985222e-01
5.128613839913658880e+17 8.138877426553182692e-01
5.248074602497712000e+17 8.154319643169737342e-01
5.370317963702532480e+17 8.169562851865790343e-01
5.495408738576225920e+17 8.184609746891027271e-01
5.623413251903490560e+17 8.199462990638485271e-01
5.754399373371589760e+17 8.214125214498744221e-01
5.888436553555883520e+17 8.228599019620247423e-01
6.025595860743592960e+17 8.242886977584125141e-01
6.165950018614809600e+17 8.256991631002912335e-01
6.309573444801943040e+17 8.270915494049845273e-01
6.456542290346535680e+17 8.284661052926377556e-01
6.606934480075964160e+17 8.298230766274276027e-01
6.760829753919791360e+17 8.311627065538076398e-01
6.918309709189363200e+17 8.324852355283627325e-01
7.079457843841402880e+17 8.337909013477801112e-01
7.244359600749890560e+17 8.350799391733658705e-01
7.413102413009191680e+17 8.363525815526741125e-01
7.585775750291820800e+17 8.376090584376785220e-01
7.762471166286927360e+17 8.388495972027781855e-01
7.943282347242789120e+17 8.400744226584211383e-01
8.128305161640994560e+17 8.412837570644480234e-01
8.317637711026743040e+17 8.424778201417401080e-01
8.511380382023759360e+17 8.436568290827374250e-01
8.709635899560832000e+17 8.448209985610450889e-01
8.912509381337441280e+17 8.459705407403217414e-01
9.120108393559115520e+17 8.471056652826217670e-01
9.332543007969885440e+17 8.482265793563588119e-01
9.549925860214369280e+17 8.493334876440614689e-01
9.772372209558071040e+17 8.504265923499754187e-01
1.000000000000000000e+18 8.515060932077180844e-01
1.023292992280757760e+18 8.525721874880028972e-01
1.047128548050898560e+18 8.536250700066028152e-01
1.071519305237609216e+18 8.546649331325467669e-01
1.096478196143182848e+18 8.556919667966694787e-01
1.122018454301965312e+18 8.567063585005756376e-01
1.148153621496879360e+18 8.577082933259986275e-01
1.174897554939530240e+18 8.586979539447060494e-01
1.202264434617408256e+18 8.596755206288660967e-01
1.230268770812381184e+18 8.606411712619884691e-01
1.258925411794171392e+18 8.615950813503955308e-01
1.288249551693132288e+18 8.625374240353148592e-01
1.318256738556410112e+18 8.634683701055131388e-01
1.348962882591650560e+18 8.643880880105342390e-01
1.380384264602886656e+18 8.652967438723855320e-01
1.412537544622749696e+18 8.661945015077726628e-01
1.445439770745927936e+18 8.670815224322456771e-01
1.479108388168213248e+18 8.679579658824979616e-01
1.513561248436207104e+18 8.688239888308939562e-01
1.548816618912485888e+18 8.696797460021744586e-01
1.584893192461110784e+18 8.705253898906012422e-01
1.621810097358933248e+18 8.713610707776721087e-01
1.659586907437556224e+18 8.721869367503637394e-01
1.698243652461745920e+18 8.730031337197385888e-01
1.737800828749369088e+18 8.738098054400927905e-01
1.778279410038922752e+18 8.746070935285020775e-01
1.819700858609989888e+18 8.753951374847784850e-01
1.862087136662865664e+18 8.761740747117892081e-01
1.905460717963252224e+18 8.769440405361625945e-01
1.949844599758041600e+18 8.777051682293275370e-01
1.995262314968882944e+18 8.784575890288351951e-01
2.041737944669523200e+18 8.792014321599747051e-01
2.089296130854040832e+18 8.799368248577202900e-01
2.137962089502223616e+18 8.806638923888180370e-01
2.187761623949551872e+18 8.813827580741230294e-01
2.238721138568346880e+18 8.820935433111941615e-01
2.290867652767770112e+18 8.827963675969637825e-01
2.344228815319927296e+18 8.834913485506445952e-01
2.398832919019485184e+18 8.841786019366639771e-01
2.454708915685033472e+18 8.848582416878351120e-01
2.511886431509572096e+18 8.855303799284912625e-01
2.570395782768864768e+18 8.861951269977621504e-01
2.630267991895392256e+18 8.868525914728863091e-01
2.691534803926914048e+18 8.875028801925082256e-01
2.754228703338174464e+18 8.881460982800505333e-01
2.818382931264449024e+18 8.887823491670582277e-01
2.884031503126611456e+18 8.894117346164798210e-01
2.951209226666377728e+18 8.900343547459669269e-01
3.019951720402019328e+18 8.906503080510876913e-01
3.090295432513579520e+18 8.912596914284846017e-01
3.162277660168379392e+18 8.918626001989546914e-01
3.235936569296294400e+18 8.924591281304012913e-01
3.311311214825907712e+18 8.930493674607145049e-01
3.388441561392034304e+18 8.936334089205665299e-01
3.467368504525309440e+18 8.942113417559127697e-01
3.548133892335760384e+18 8.947832537506122952e-01
3.630780547701002752e+18 8.953492312486324156e-01
3.715352290971727872e+18 8.959093591762954389e-01
3.801893963205597184e+18 8.964637210642140142e-01
3.890451449942804992e+18 8.970123990691381000e-01
3.981071705534985728e+18 8.975554739955883266e-01
4.073802778041121792e+18 8.980930253172656474e-01
4.168693834703363584e+18 8.986251311983000090e-01
4.265795188015917056e+18 8.991518685142729783e-01
4.365158322401665536e+18 8.996733128730953766e-01
4.466835921509616640e+18 9.001895386354922257e-01
4.570881896148751872e+18 9.007006189355223347e-01
4.677351412872000512e+18 9.012066257006025038e-01
4.786300923226380288e+18 9.017076296715296202e-01
4.897788193684475904e+18 9.022037004221062917e-01
5.011872336272714752e+18 9.026949063786758876e-01
5.128613839913658368e+18 9.031813148392403567e-01
5.248074602497712128e+18 9.036629919925065479e-01
5.370317963702532096e+18 9.041400029366262192e-01
5.495408738576270336e+18 9.046124116976054230e-01
5.623413251903491072e+18 9.050802812476573811e-01
5.754399373371589632e+18 9.055436735230962819e-01
5.888436553555884032e+18 9.060026494421393739e-01
6.025595860743592960e+18 9.064572689224229540e-01
6.165950018614809600e+18 9.069075908981389933e-01
6.309573444801942528e+18 9.073536733372264962e-01
6.456542290346535936e+18 9.077955732579308101e-01
6.606934480075964416e+18 9.082333467454176690e-01
6.760829753919791104e+18 9.086670489679947726e-01
6.918309709189362688e+18 9.090967341931553980e-01
7.079457843841401856e+18 9.095224558032578566e-01
7.244359600749891584e+18 9.099442663111544372e-01
7.413102413009191936e+18 9.103622173753789237e-01
7.585775750291820544e+18 9.107763598151878970e-01
7.762471166286927872e+18 9.111867436254209585e-01
7.943282347242788864e+18 9.115934179909269686e-01
8.128305161640994816e+18 9.119964313010466839e-01
8.317637711026742272e+18 9.123958311635619323e-01
8.511380382023758848e+18 9.127916644185891659e-01
8.709635899560832000e+18 9.131839771521480520e-01
8.912509381337440256e+18 9.135728147096957574e-01
9.120108393559115776e+18 9.139582217090944649e-01
9.332543007969886208e+18 9.143402420536952402e-01
9.549925860214368256e+18 9.147189189449511648e-01
9.772372209558151168e+18 9.150942948949737366e-01
1.000000000000000000e+19 9.154664117388734423e-01
1.023292992280757862e+19 9.158353106466724514e-01
1.047128548050898534e+19 9.162010321352668241e-01
1.071519305237609267e+19 9.165636160800681997e-01
1.096478196143182848e+19 9.169231017264103389e-01
1.122018454301965312e+19 9.172795277007719239e-01
1.148153621496879309e+19 9.176329320219205332e-01
1.174897554939530240e+19 9.179833521115965400e-01
1.202264434617408102e+19 9.183308248053163592e-01
1.230268770812381184e+19 9.186753863626084815e-01
1.258925411794171290e+19 9.190170724775472699e-01
1.288249551693132186e+19 9.193559182886061887e-01
1.318256738556410061e+19 9.196919583887044336e-01
1.348962882591650611e+19 9.200252268348115825e-01
1.380384264602886554e+19 9.203557571574294549e-01
1.412537544622749696e+19 9.206835823702289590e-01
1.445439770745927885e+19 9.210087349789638500e-01
1.479108388168213299e+19 9.213312469904042512e-01
1.513561248436207206e+19 9.216511499216183401e-01
1.548816618912485990e+19 9.219684748081908854e-01
1.584893192461110886e+19 9.222832522130588462e-01
1.621810097358933197e+19 9.225955122346866100e-01
1.659586907437556326e+19 9.229052845153477014e-01
1.698243652461745971e+19 9.232125982492009886e-01
1.737800828749383475e+19 9.235174821901994680e-01
1.778279410038922854e+19 9.238199646596877423e-01
1.819700858609990042e+19 9.241200735542588474e-01
1.862087136662865510e+19 9.244178363530722864e-01
1.905460717963252122e+19 9.247132801251309875e-01
1.949844599758041498e+19 9.250064315366821610e-01
1.995262314968882790e+19 9.252973168579465835e-01
2.041737944669523149e+19 9.255859619703967756e-01
2.089296130854040781e+19 9.258723923732760097e-01
2.137962089502223565e+19 9.261566331902612026e-01
2.187761623949552026e+19 9.264387091763424120e-01
2.238721138568346829e+19 9.267186447235657987e-01
2.290867652767770214e+19 9.269964638682119951e-01
2.344228815319927603e+19 9.272721902960944229e-01
2.398832919019484774e+19 9.275458473491383637e-01
2.454708915685033574e+19 9.278174580312488207e-01
2.511886431509571994e+19 9.280870450139421246e-01
2.570395782768864461e+19 9.283546306422787442e-01
2.630267991895392256e+19 9.286202369401591605e-01
2.691534803926913843e+19 9.288838856164607360e-01
2.754228703338174464e+19 9.291455980696845529e-01
2.818382931264449331e+19 9.294053953934974244e-01
2.884031503126611558e+19 9.296632983822541441e-01
2.951209226666378035e+19 9.299193275357653388e-01
3.019951720402019123e+19 9.301735030643040192e-01
3.090295432513604813e+19 9.304258448935700532e-01
3.162277660168379187e+19 9.306763726696664074e-01
3.235936569296294298e+19 9.309251057634038151e-01
3.311311214825907814e+19 9.311720632755047244e-01
3.388441561392034202e+19 9.314172640403766135e-01
3.467368504525309542e+19 9.316607266315766189e-01
3.548133892335760589e+19 9.319024693651407620e-01
3.630780547701002650e+19 9.321425103046808713e-01
3.715352290971727462e+19 9.323808672653050023e-01
3.801893963205596774e+19 9.326175578172413161e-01
3.890451449942804890e+19 9.328525992910555731e-01
3.981071705534985830e+19 9.330860087804435654e-01
4.073802778041121997e+19 9.333178031471006664e-01
4.168693834703363277e+19 9.335479990233515046e-01
4.265795188015916646e+19 9.337766128174094238e-01
4.365158322401665024e+19 9.340036607159493132e-01
4.466835921509616845e+19 9.342291586880199228e-01
4.570881896148751974e+19 9.344531224887787646e-01
4.677351412872000307e+19 9.346755676630651433e-01
4.786300923226380698e+19 9.348965095479351284e-01
4.897788193684476723e+19 9.351159632776570030e-01
5.011872336272714957e+19 9.353339437851558857e-01
5.128613839913658778e+19 9.355504658045409316e-01
5.248074602497712128e+19 9.357655438816003812e-01
5.370317963702532506e+19 9.359791923657974078e-01
5.495408738576270950e+19 9.361914254204892760e-01
5.623413251903490458e+19 9.364022570238496046e-01
5.754399373371590246e+19 9.366117009723202713e-01
5.888436553555883622e+19 9.368197708835144244e-01
6.025595860743593165e+19 9.370264801984836689e-01
6.165950018614809395e+19 9.372318421853337300e-01
6.309573444801943142e+19 9.374358699410176854e-01
6.456542290346536141e+19 9.376385763950102481e-01
6.606934480075964416e+19 9.378399743108271069e-01
6.760829753919791104e+19 9.380400762900040768e-01
6.918309709189362483e+19 9.382388947734535689e-01
7.079457843841402470e+19 9.384364420438972010e-01
7.244359600749890765e+19 9.386327302299898312e-01
7.413102413009192550e+19 9.388277713066958130e-01
7.585775750291819725e+19 9.390215770983079135e-01
7.762471166286928282e+19 9.392141592817568885e-01
7.943282347242789274e+19 9.394055293876784063e-01
8.128305161640994406e+19 9.395956988027752699e-01
8.317637711026742886e+19 9.397846787731147788e-01
8.511380382023758643e+19 9.399724804045287430e-01
8.709635899560832205e+19 9.401591146665400078e-01
8.912509381337440256e+19 9.403445923930461303e-01
9.120108393559115366e+19 9.405289242851350151e-01
9.332543007969886208e+19 9.407121209132518480e-01
9.549925860214369485e+19 9.408941927176251996e-01
9.772372209558151168e+19 9.410751500130348779e-01
1.000000000000000000e+20 9.412550029821650233e-01
1.023292992280757862e+20 9.414337617054635565e-01
1.047128548050898452e+20 9.416114361182040815e-01
1.071519305237609185e+20 9.417880360449467636e-01
1.096478196143182807e+20 9.419635711795839583e-01
1.122018454301965353e+20 9.421380511315216033e-01
1.148153621496879350e+20 9.423114853693504989e-01
1.174897554939530281e+20 9.424838832559356838e-01
1.202264434617408225e+20 9.426552540438487560e-01
1.230268770812381102e+20 9.428256068757595587e-01
1.258925411794171331e+20 9.429949507863877312e-01
1.288249551693132268e+20 9.431632947040713422e-01
1.318256738556410102e+20 9.433306474528324603e-01
1.348962882591650447e+20 9.434970177528038127e-01
1.380384264602886636e+20 9.436624142231921919e-01
1.412537544622749614e+20 9.438268453825381377e-01
1.445439770745927926e+20 9.439903196507637428e-01
1.479108388168213135e+20 9.441528453502445739e-01
1.513561248436207288e+20 9.443144307075613808e-01
1.548816618912485868e+20 9.444750838535050930e-01
1.584893192461110804e+20 9.446348128278974077e-01
1.621810097358933197e+20 9.447936255767863667e-01
1.659586907437556367e+20 9.449515299558333137e-01
1.698243652461745930e+20 9.451085337314459878e-01
1.737800828749383270e+20 9.452646445829465671e-01
1.778279410038922936e+20 9.454198701007598959e-01
1.819700858609990042e+20 9.455742177925291481e-01
1.862087136662865510e+20 9.457276950776728475e-01
1.905460717963252204e+20 9.458803092957435155e-01
1.949844599758041580e+20 9.460320677029266934e-01
1.995262314968882872e+20 9.461829774734714649e-01
2.041737944669523476e+20 9.463330457035109555e-01
2.089296130854040699e+20 9.464822794089544633e-01
2.137962089502223565e+20 9.466306855287124344e-01
2.187761623949551862e+20 9.467782709254343176e-01
2.238721138568346993e+20 9.469250423851020004e-01
2.290867652767769887e+20 9.470710066209464539e-01
2.344228815319927357e+20 9.472161702712373899e-01
2.398832919019484938e+20 9.473605399018459883e-01
2.454708915685033574e+20 9.475041220077100590e-01
2.511886431509571830e+20 9.476469230133272026e-01
2.570395782768864788e+20 9.477889492725229958e-01
2.630267991895392256e+20 9.479302070518434986e-01
2.691534803926913843e+20 9.480707026278153426e-01
2.754228703338174546e+20 9.482104420939414524e-01
2.818382931264449085e+20 9.483494315544503950e-01
2.884031503126611558e+20 9.484876770293432235e-01
2.951209226666377871e+20 9.486251844761166563e-01
3.019951720402019287e+20 9.487619597858022447e-01
3.090295432513604813e+20 9.488980087903905458e-01
3.162277660168379433e+20 9.490333372575701087e-01
3.235936569296267510e+20 9.491679508933029696e-01
3.311311214825907814e+20 9.493018553473810961e-01
3.388441561392034611e+20 9.494350562091581347e-01
3.467368504525309870e+20 9.495675590056273929e-01
3.548133892335760179e+20 9.496993692104236384e-01
3.630780547701032223e+20 9.498304922386137106e-01
3.715352290971727954e+20 9.499609334486051049e-01
3.801893963205596938e+20 9.500906981431589404e-01
3.890451449942805053e+20 9.502197915710057785e-01
3.981071705534985667e+20 9.503482189278884551e-01
4.073802778041122161e+20 9.504759853536970393e-01
4.168693834703363768e+20 9.506030959361607691e-01
4.265795188015916646e+20 9.507295557113315532e-01
4.365158322401665352e+20 9.508553696650382525e-01
4.466835921509616845e+20 9.509805427305942915e-01
4.570881896148751483e+20 9.511050797917417476e-01
4.677351412872000307e+20 9.512289856824299727e-01
4.786300923226380042e+20 9.513522651896662019e-01
4.897788193684476396e+20 9.514749230475783026e-01
5.011872336272714629e+20 9.515969639507930733e-01
5.128613839913658614e+20 9.517183925390493293e-01
5.248074602497712456e+20 9.518392134085038592e-01
5.370317963702532833e+20 9.519594311080622484e-01
5.495408738576270623e+20 9.520790501455713706e-01
5.623413251903490621e+20 9.521980749799001664e-01
5.754399373371542733e+20 9.523165100287224183e-01
5.888436553555884114e+20 9.524343596627539155e-01
6.025595860743593656e+20 9.525516282095484177e-01
6.165950018614809068e+20 9.526683199609249364e-01
6.309573444801943306e+20 9.527844391599070706e-01
6.456542290346589553e+20 9.528999900071009055e-01
6.606934480075963761e+20 9.530149766662388000e-01
6.760829753919791432e+20 9.531294032590915677e-01
6.918309709189362483e+20 9.532432738706640984e-01
7.079457843841402143e+20 9.533565925371042526e-01
7.244359600749890765e+20 9.534693632649363648e-01
7.413102413009192223e+20 9.535815900165999226e-01
7.585775750291820380e+20 9.536932767208915473e-01
7.762471166286926971e+20 9.538044272654352396e-01
7.943282347242789274e+20 9.539150454990533712e-01
8.128305161640995717e+20 9.540251352399534701e-01
8.317637711026742886e+20 9.541347002664744004e-01
8.511380382023758643e+20 9.542437443152336218e-01
8.709635899560832532e+20 9.543522711017323745e-01
8.912509381337440584e+20 9.544602842906161344e-01
9.120108393559115694e+20 9.545677875215431429e-01
9.332543007969885553e+20 9.546747843971975511e-01
9.549925860214369157e+20 9.547812784830146393e-01
9.772372209558151496e+20 9.548872733246462907e-01
1.000000000000000000e+21 9.549927724131587192e-01
1.023292992280749408e+21 9.550977792238752873e-01
1.047128548050898518e+21 9.552022971927726092e-01
1.071519305237609185e+21 9.553063297278762134e-01
1.096478196143182840e+21 9.554098801980116518e-01
1.122018454301965287e+21 9.555129519507176150e-01
1.148153621496888820e+21 9.556155482980720484e-01
1.174897554939530314e+21 9.557176725160513309e-01
1.202264434617408291e+21 9.558193278613444921e-01
1.230268770812381102e+21 9.559205175579391645e-01
1.258925411794171199e+21 9.560212447905191979e-01
1.288249551693132333e+21 9.561215127261628588e-01
1.318256738556410069e+21 9.562213244944955948e-01
1.348962882591650480e+21 9.563206832119703904e-01
1.380384264602886603e+21 9.564195919476105034e-01
1.412537544622749778e+21 9.565180537505696412e-01
1.445439770745927893e+21 9.566160716479829018e-01
1.479108388168213201e+21 9.567136486299510079e-01
1.513561248436207223e+21 9.568107876690007396e-01
1.548816618912485999e+21 9.569074917084563481e-01
1.584893192461111001e+21 9.570037636627211075e-01
1.621810097358933066e+21 9.570996064151184868e-01
1.659586907437556302e+21 9.571950228333713229e-01
1.698243652461745930e+21 9.572900157552858280e-01
1.737800828749383467e+21 9.573845880006836007e-01
1.778279410038922805e+21 9.574787423453401392e-01
1.819700858609975165e+21 9.575724815660058287e-01
1.862087136662865576e+21 9.576658083896285589e-01
1.905460717963252072e+21 9.577587255384804044e-01
1.949844599758041383e+21 9.578512357080347650e-01
1.995262314968882872e+21 9.579433415561539045e-01
2.041737944669540057e+21 9.580350457320346846e-01
2.089296130854040895e+21 9.581263508635187165e-01
2.137962089502223630e+21 9.582172595449454100e-01
2.187761623949551862e+21 9.583077743463658260e-01
2.238721138568346993e+21 9.583978978331103571e-01
2.290867652767769952e+21 9.584876325265622166e-01
2.344228815319927357e+21 9.585769809500940264e-01
2.398832919019484873e+21 9.586659455842991839e-01
2.454708915685033509e+21 9.587545288922583175e-01
2.511886431509571699e+21 9.588427333319287094e-01
2.570395782768864788e+21 9.589305613206502432e-01
2.630267991895392125e+21 9.590180152665621627e-01
2.691534803926914171e+21 9.591050975474088025e-01
2.754228703338174611e+21 9.591918105295542674e-01
2.818382931264449020e+21 9.592781565633914376e-01
2.884031503126611624e+21 9.593641379706542294e-01
2.951209226666377740e+21 9.594497570619704430e-01
3.019951720402019418e+21 9.595350161057771832e-01
3.090295432513604551e+21 9.596199173929792492e-01
3.162277660168379433e+21 9.597044631467683828e-01
3.235936569296267772e+21 9.597886556116610457e-01
3.311311214825907945e+21 9.598724969829421916e-01
3.388441561392034087e+21 9.599559894674605243e-01
3.467368504525309608e+21 9.600391352302100056e-01
3.548133892335760572e+21 9.601219364175708204e-01
3.630780547701032354e+21 9.602043951773915342e-01
3.715352290971727954e+21 9.602865136387842560e-01
3.801893963205597200e+21 9.603682938981679129e-01
3.890451449942804791e+21 9.604497380312956301e-01
3.981071705534985404e+21 9.605308481176370039e-01
4.073802778041121767e+21 9.606116261914440235e-01
4.168693834703363375e+21 9.606920743030079590e-01
4.265795188015916646e+21 9.607721944642908518e-01
4.365158322401665614e+21 9.608519886759050443e-01
4.466835921509616714e+21 9.609314589248102445e-01
4.570881896148751614e+21 9.610106071883791623e-01
4.677351412872000307e+21 9.610894353872264650e-01
4.786300923226380829e+21 9.611679454982471338e-01
4.897788193684476396e+21 9.612461394219239397e-01
5.011872336272714367e+21 9.613240190765712789e-01
5.128613839913658352e+21 9.614015863389400174e-01
5.248074602497712325e+21 9.614788430892436955e-01
5.370317963702532309e+21 9.615557911983182438e-01
5.495408738576271147e+21 9.616324324968924531e-01
5.623413251903490884e+21 9.617087688481051888e-01
5.754399373371543388e+21 9.617848020041515067e-01
5.888436553555883590e+21 9.618605338286331241e-01
6.025595860743593394e+21 9.619359660937288892e-01
6.165950018614809592e+21 9.620111005581309938e-01
6.309573444801943044e+21 9.620859389918942073e-01
6.456542290346589028e+21 9.621604831599652741e-01
6.606934480075964285e+21 9.622347347413857666e-01
6.760829753919790907e+21 9.623086955237849516e-01
6.918309709189363007e+21 9.623823671468925145e-01
7.079457843841402405e+21 9.624557513545981546e-01
7.244359600749891551e+21 9.625288498000634796e-01
7.413102413009192485e+21 9.626016641504807625e-01
7.585775750291820380e+21 9.626741960700535561e-01
7.762471166286927757e+21 9.627464471741743468e-01
7.943282347242789274e+21 9.628184191218679411e-01
8.128305161640994669e+21 9.628901134952261298e-01
8.317637711026742886e+21 9.629615319429214448e-01
8.511380382023758643e+21 9.630326760178128387e-01
8.709635899560832270e+21 9.631035473054251339e-01
8.912509381337440846e+21 9.631741473624592098e-01
9.120108393559115170e+21 9.632444777625562837e-01
9.332543007969885815e+21 9.633145400502843847e-01
9.549925860214369681e+21 9.633843357110468686e-01
9.772372209558152544e+21 9.634538663354630383e-01
1.000000000000000000e+22 9.635231333906474349e-01
