#  Electron Pair Production Inelasticity (The energy fraction of the leading outgoing electron). 
#  First column: s [eV^2] 
#  Second column: Inelasticity [Dimensionless]
# 
1.000000000000000000e+12 1.000000000000000025e-300
1.122018454301965332e+12 5.659276060084216242e-01
1.258925411794166260e+12 6.049358992908842048e-01
1.412537544622755371e+12 6.323025752755422335e-01
1.584893192461117432e+12 6.546834109949194458e-01
1.778279410038922852e+12 6.741104584538973876e-01
1.995262314968882812e+12 6.914955028347222754e-01
2.238721138568337891e+12 7.073280690053920239e-01
2.511886431509582031e+12 7.219016659384536183e-01
2.818382931264460938e+12 7.354068066041032914e-01
3.162277660168379395e+12 7.479753610146340215e-01
3.548133892335760254e+12 7.597039538025447403e-01
3.981071705534969238e+12 7.706672135105391286e-01
4.466835921509634766e+12 7.809256503604811162e-01
5.011872336272735352e+12 7.905304891688700319e-01
5.623413251903491211e+12 7.995266843879472729e-01
6.309573444801942383e+12 8.079548089897179430e-01
7.079457843841373047e+12 8.158522293127701275e-01
7.943282347242821289e+12 8.232538231513488736e-01
8.912509381337476562e+12 8.301924062496429668e-01
1.000000000000000000e+13 8.366989762901249073e-01
1.122018454301965234e+13 8.428028464755565885e-01
1.258925411794171289e+13 8.485317164097220255e-01
1.412537544622755469e+13 8.539117112377946350e-01
1.584893192461117383e+13 8.589674085267509085e-01
1.778279410038922656e+13 8.637218644703941184e-01
1.995262314968882812e+13 8.681966456677006061e-01
2.238721138568346875e+13 8.724118692317048840e-01
2.511886431509582031e+13 8.763862517079825665e-01
2.818382931264460547e+13 8.801371660417155462e-01
3.162277660168379297e+13 8.836807050747015335e-01
3.548133892335760156e+13 8.870317498081801144e-01
3.981071705534985156e+13 8.902040406408266993e-01
4.466835921509635156e+13 8.932102499323770761e-01
5.011872336272735156e+13 8.960620544641508811e-01
5.623413251903490625e+13 8.987702066208091978e-01
6.309573444801942969e+13 9.013446033716232542e-01
7.079457843841401562e+13 9.037943523649417665e-01
7.943282347242821875e+13 9.061278346576697729e-01
8.912509381337476562e+13 9.083527637776531716e-01
1.000000000000000000e+14 9.104762409612359164e-01
1.122018454301965312e+14 9.125048065225039862e-01
1.258925411794171406e+14 9.144444873997304990e-01
1.412537544622755312e+14 9.163008409889090711e-01
1.584893192461117500e+14 9.180789954211037163e-01
1.778279410038922812e+14 9.197836864719270977e-01
1.995262314968882812e+14 9.214192913084177095e-01
2.238721138568346875e+14 9.229898592902988641e-01
2.511886431509582188e+14 9.244991400415190075e-01
2.818382931264460625e+14 9.259506090071638607e-01
3.162277660168379375e+14 9.273474907023810943e-01
3.548133892335760625e+14 9.286927798490186570e-01
3.981071705534985625e+14 9.299892605881485697e-01
4.466835921509635000e+14 9.312395239385626855e-01
5.011872336272735000e+14 9.324459836647817079e-01
5.623413251903490625e+14 9.336108906998349388e-01
6.309573444801942500e+14 9.347363462596345318e-01
7.079457843841402500e+14 9.358243137703062819e-01
7.943282347242821250e+14 9.368766297351255323e-01
8.912509381337477500e+14 9.378950136142101268e-01
1.000000000000000000e+15 9.388810768411502972e-01
1.122018454301965250e+15 9.398363310418164085e-01
1.258925411794171250e+15 9.407621955363638655e-01
1.412537544622755500e+15 9.416600041952781774e-01
1.584893192461117250e+15 9.425310116897512858e-01
1.778279410038922750e+15 9.433763992590190606e-01
1.995262314968882750e+15 9.441972799295114127e-01
2.238721138568347000e+15 9.449947033467657187e-01
2.511886431509582000e+15 9.457696601930901670e-01
2.818382931264460500e+15 9.465230862468828610e-01
3.162277660168379500e+15 9.472558661138964498e-01
3.548133892335760500e+15 9.479688366599822169e-01
3.981071705534985500e+15 9.486627901967483734e-01
4.466835921509635000e+15 9.493384773613261496e-01
5.011872336272735000e+15 9.499966098439308615e-01
5.623413251903491000e+15 9.506378628676926956e-01
6.309573444801943000e+15 9.512628774832679879e-01
7.079457843841402000e+15 9.518722627025728578e-01
7.943282347242822000e+15 9.524665974794833678e-01
8.912509381337441000e+15 9.530464325263298120e-01
1.000000000000000000e+16 9.536122920298657490e-01
1.122018454301965200e+16 9.541646752053790648e-01
1.258925411794171400e+16 9.547040577865532063e-01
1.412537544622749600e+16 9.552308933774134037e-01
1.584893192461110800e+16 9.557456147238676536e-01
1.778279410038922800e+16 9.562486349064959201e-01
1.995262314968882800e+16 9.567403484365106792e-01
2.238721138568346800e+16 9.572211322749032414e-01
2.511886431509572000e+16 9.576913468416622388e-01
2.818382931264449200e+16 9.581513368474774417e-01
3.162277660168379200e+16 9.586014322036788826e-01
3.548133892335760400e+16 9.590419487775332374e-01
3.981071705534985600e+16 9.594731891055616746e-01
4.466835921509616800e+16 9.598954431457759062e-01
5.011872336272756000e+16 9.603089888864043688e-01
5.623413251903491200e+16 9.607140929684038211e-01
6.309573444801943200e+16 9.611110112650094184e-01
7.079457843841402400e+16 9.614999893983088297e-01
7.943282347242788800e+16 9.618812632518229933e-01
8.912509381337513600e+16 9.622550594980001648e-01
1.000000000000000000e+17 9.626215959802342237e-01
1.122018454301965280e+17 9.629810821158618639e-01
1.258925411794171360e+17 9.633337194498837741e-01
1.412537544622749760e+17 9.636797018340067522e-01
1.584893192461123840e+17 9.640192158361100550e-01
1.778279410038922880e+17 9.643524412552586522e-01
1.995262314968882880e+17 9.646795511954162627e-01
2.238721138568346880e+17 9.650007123823466371e-01
2.511886431509571840e+17 9.653160857661694516e-01
2.818382931264472320e+17 9.656258263114757545e-01
3.162277660168379520e+17 9.659300836477892060e-01
3.548133892335760640e+17 9.662290020460881923e-01
3.981071705534985600e+17 9.665227208593900610e-01
4.466835921509616640e+17 9.668113744991461145e-01
5.011872336272755840e+17 9.670950930361197351e-01
5.623413251903490560e+17 9.673740017454447448e-01
6.309573444801943040e+17 9.676482222047391168e-01
7.079457843841402880e+17 9.679178712851297384e-01
7.943282347242789120e+17 9.681830625445612126e-01
8.912509381337514240e+17 9.684439057280130880e-01
1.000000000000000000e+18 9.687005067145109116e-01
1.122018454301965312e+18 9.689529680558328639e-01
1.258925411794171392e+18 9.692013895192862494e-01
1.412537544622749696e+18 9.694458667081379266e-01
1.584893192461123840e+18 9.696864936645750443e-01
1.778279410038922752e+18 9.699233600217455065e-01
1.995262314968882944e+18 9.701565529496686269e-01
2.238721138568346880e+18 9.703861580718788904e-01
2.511886431509572096e+18 9.706122572041289143e-01
2.818382931264472064e+18 9.708349296445271115e-01
3.162277660168379392e+18 9.710542536293260696e-01
3.548133892335760384e+18 9.712703028173430564e-01
3.981071705534985728e+18 9.714831517414302953e-01
4.466835921509616640e+18 9.716928692301746162e-01
5.011872336272755712e+18 9.718995247748706268e-01
5.623413251903491072e+18 9.721031857301749568e-01
6.309573444801942528e+18 9.723039148577745650e-01
7.079457843841401856e+18 9.725017742019366196e-01
7.943282347242788864e+18 9.726968299156468767e-01
8.912509381337513984e+18 9.728891366360830073e-01
1.000000000000000000e+19 9.730787540851447703e-01
1.122018454301965312e+19 9.732657370348116732e-01
1.258925411794171290e+19 9.734501391869055942e-01
1.412537544622749696e+19 9.736320140832416259e-01
1.584893192461123789e+19 9.738114190514215451e-01
1.778279410038922854e+19 9.739883936437416789e-01
1.995262314968882790e+19 9.741629953407838771e-01
2.238721138568346829e+19 9.743352688880161372e-01
2.511886431509571994e+19 9.745052600842690760e-01
2.818382931264472269e+19 9.746730080415479947e-01
3.162277660168379187e+19 9.748385684114996286e-01
3.548133892335760589e+19 9.750019814661301520e-01
3.981071705534985830e+19 9.751632888519017328e-01
4.466835921509616845e+19 9.753225128264181309e-01
5.011872336272755917e+19 9.754797220920744527e-01
5.623413251903490458e+19 9.756349379303612679e-01
6.309573444801943142e+19 9.757881987631286114e-01
7.079457843841402470e+19 9.759395379922471969e-01
7.943282347242789274e+19 9.760889980967916157e-01
8.912509381337513984e+19 9.762366227567194077e-01
1.000000000000000000e+20 9.763824397470887151e-01
1.122018454301965353e+20 9.765264659988047713e-01
1.258925411794171331e+20 9.766687526789427087e-01
1.412537544622749614e+20 9.768093214774906663e-01
1.584893192461123912e+20 9.769481918220792593e-01
1.778279410038922936e+20 9.770854439679494963e-01
1.995262314968882872e+20 9.772210232485365466e-01
2.238721138568346993e+20 9.773550391878867982e-01
2.511886431509571830e+20 9.774874699351627783e-01
2.818382931264472351e+20 9.776183630328236784e-01
3.162277660168379433e+20 9.777477967026639849e-01
3.548133892335760179e+20 9.778756495578527774e-01
3.981071705534985667e+20 9.780021195941253076e-01
4.466835921509616845e+20 9.781271025307755052e-01
5.011872336272755917e+20 9.782507432099535327e-01
5.623413251903490621e+20 9.783728501010687806e-01
6.309573444801943306e+20 9.784936771051945259e-01
7.079457843841402143e+20 9.786131757079917781e-01
7.943282347242789274e+20 9.787313436273332723e-01
8.912509381337513984e+20 9.788481814876195397e-01
1.000000000000000000e+21 9.789637657108067881e-01
1.122018454301965287e+21 9.790781825018619600e-01
1.258925411794171199e+21 9.791913837624490746e-01
1.412537544622749778e+21 9.793032766035860703e-01
1.584893192461123846e+21 9.794138631392250716e-01
1.778279410038922805e+21 9.795233172166228908e-01
1.995262314968882872e+21 9.796317236109507443e-01
2.238721138568346993e+21 9.797390664768915736e-01
2.511886431509571699e+21 9.798449173397963952e-01
2.818382931264472089e+21 9.799503022005905395e-01
3.162277660168379433e+21 9.800537234835517975e-01
3.548133892335760572e+21 9.801563321360813319e-01
3.981071705534985404e+21 9.802584827595094419e-01
4.466835921509616714e+21 9.803594280110170534e-01
5.011872336272755261e+21 9.804590070384147094e-01
5.623413251903490884e+21 9.805579317754937740e-01
6.309573444801943044e+21 9.806552956777682128e-01
7.079457843841402405e+21 9.807524433004272124e-01
7.943282347242789274e+21 9.808484155373532465e-01
8.912509381337513198e+21 9.809416027621548073e-01
1.000000000000000000e+22 9.810362931502604189e-01
