#  Double Pair Production total cross-section. 
#  The data is obtained by calcHEP-3.8.10 
#  First column: s [eV^2] 
#  Second column: total cross-section [pb] 
#  Third column: cross-section error [pb] 
# 
6.339572769844457031e+12 2.068300000000000000e+04 6.473779000000000616e-01
1.004754572603832812e+13 1.414200000000000000e+05 4.355735999999999386e+00
1.592428682213987891e+13 3.591200000000000000e+05 1.156366400000000105e+01
2.523829377920771484e+13 6.593900000000000000e+05 2.380397900000000178e+01
4.000000000000000000e+13 1.039000000000000000e+06 4.394970000000000709e+01
6.339572769844456250e+13 1.489000000000000000e+06 7.519450000000000500e+01
1.004754572603832812e+14 1.989400000000000000e+06 1.189661200000000036e+02
1.592428682213987812e+14 2.514600000000000000e+06 1.770278399999999976e+02
2.523829377920772188e+14 3.038900000000000000e+06 2.464547899999999743e+02
4.000000000000000000e+14 3.541800000000000000e+06 3.286790400000000432e+02
6.339572769844456250e+14 4.007000000000000000e+06 4.207350000000000136e+02
1.004754572603832875e+15 4.424800000000000000e+06 5.575248000000000275e+02
1.592428682213989500e+15 4.793300000000000000e+06 6.135424000000001570e+02
2.523829377920774500e+15 5.109600000000000000e+06 7.357824000000000524e+02
3.999999999999999000e+15 5.376100000000000000e+06 9.354414000000000442e+02
6.339572769844457000e+15 5.598200000000000000e+06 8.789173999999999296e+02
1.004754572603832800e+16 5.780500000000000000e+06 1.023148500000000126e+03
1.592428682213989400e+16 5.925700000000000000e+06 1.048848900000000185e+03
2.523829377920774800e+16 6.044700000000000000e+06 1.245208200000000033e+03
4.000000000000000800e+16 6.140500000000000000e+06 1.369331500000000005e+03
6.339572769844457600e+16 6.211800000000000000e+06 1.397654999999999973e+03
1.004754572603832960e+17 6.268700000000000000e+06 1.422994900000000143e+03
1.592428682213991040e+17 6.311100000000000000e+06 2.107907400000000052e+03
2.523829377920777600e+17 6.343000000000000000e+06 1.528663000000000011e+03
4.000000000000000000e+17 6.368400000000000000e+06 1.821362399999999980e+03
6.339572769844455680e+17 6.389800000000000000e+06 1.738025599999999940e+03
1.004754572603832704e+18 6.401300000000000000e+06 1.805166600000000244e+03
1.592428682213990656e+18 6.412200000000000000e+06 1.769767200000000003e+03
2.523829377920777216e+18 6.421900000000000000e+06 1.637584499999999707e+03
4.000000000000000000e+18 6.424700000000000000e+06 1.651147900000000163e+03
6.339572769844457472e+18 6.431400000000000000e+06 1.968008400000000165e+03
1.004754572603832730e+19 6.429300000000000000e+06 1.568749200000000201e+03
1.592428682213991014e+19 6.439100000000000000e+06 2.543444500000000062e+03
2.523829377920777421e+19 6.433000000000000000e+06 1.801240000000000236e+03
4.000000000000000819e+19 6.440900000000000000e+06 2.840436899999999696e+03
6.339572769844455834e+19 6.441500000000000000e+06 3.182100999999999658e+03
1.004754572603832730e+20 6.443300000000000000e+06 4.716495600000000195e+03
1.592428682213990728e+20 6.439200000000000000e+06 1.680631200000000035e+03
2.523829377920776929e+20 6.442300000000000000e+06 3.569034200000000055e+03
4.000000000000000000e+20 6.441300000000000000e+06 2.048333399999999983e+03
6.339572769844469432e+20 6.445000000000000000e+06 2.623115000000000236e+03
1.004754572603832926e+21 6.441700000000000000e+06 2.827906300000000101e+03
1.592428682213987451e+21 6.459000000000000000e+06 2.267108999999999651e+04
2.523829377920776798e+21 6.442800000000000000e+06 6.571655999999999040e+03
4.000000000000000000e+21 6.436000000000000000e+06 3.829419999999999709e+04
