#  Electron-Muon Triplet Production [e\gamma -> e \mu \mu] total cross-section. 
#  The data is obtained by calcHEP-3.8.10 
#  First column: s [eV^2] 
#  Second column: total cross-section [pb] 
#  Third column: cross-section error [pb] 
# 
4.000000000000000000e+16 1.000000000000000008e-50 9.999999999999999946e-56
4.839999999859124000e+16 6.697100000000000364e+02 5.243829299999999867e-03
6.624168575362908800e+16 1.113000000000000000e+04 1.313340000000000063e-01
9.066035005968708800e+16 2.826400000000000000e+04 4.126543999999999768e-01
1.240804640647753760e+17 4.935000000000000000e+04 8.290800000000000392e-01
1.698202302042184960e+17 7.316300000000000000e+04 1.360831800000000147e+00
2.324210425153369920e+17 9.882400000000000000e+04 1.956715200000000099e+00
3.180983823402462080e+17 1.255700000000000000e+05 2.611855999999999511e+00
4.353589485572130560e+17 1.527100000000000000e+05 3.206909999999999705e+00
5.958452642347051520e+17 1.797000000000000000e+05 3.863550000000000040e+00
8.154916302051618560e+17 2.061100000000000000e+05 4.596253000000000810e+00
1.116106210298056960e+18 2.316400000000000000e+05 1.128086800000000167e+01
1.527536308029373952e+18 2.561100000000000000e+05 6.428360999999999770e+00
2.090631830167780864e+18 2.794200000000000000e+05 1.360775400000000168e+01
2.861301184348500480e+18 3.015500000000000000e+05 7.267355000000000231e+00
3.916062283967793152e+18 3.225200000000000000e+05 1.738382800000000117e+01
5.359639856028147712e+18 3.425000000000000000e+05 2.363250000000000028e+01
7.335363175162745856e+18 3.614700000000000000e+05 9.289778999999999343e+00
1.003939731960063181e+19 3.795700000000000000e+05 1.047613199999999978e+01
1.374021900629841510e+19 3.968700000000000000e+05 3.036055500000000151e+01
1.880527422734342144e+19 4.135900000000000000e+05 6.286568000000000467e+01
2.573746031288519885e+19 4.295900000000000000e+05 2.358449099999999987e+01
3.522505709191400243e+19 4.451600000000000000e+05 3.458893199999999979e+01
4.821006561827185459e+19 4.602800000000000000e+05 1.486704399999999993e+01
6.598173607531134976e+19 4.751300000000000000e+05 3.173868399999999923e+01
9.030457510803937690e+19 4.895500000000000000e+05 1.439277000000000051e+01
1.235935397240026563e+20 5.038900000000000000e+05 3.577618999999999971e+01
1.691538109408371016e+20 5.178400000000000000e+05 2.055824799999999897e+01
2.315089595215255306e+20 5.312900000000000000e+05 1.779821499999999901e+01
3.168500791521569669e+20 5.434700000000000000e+05 1.744538700000000020e+01
4.336504875835970028e+20 5.534900000000000000e+05 2.263774099999999834e+01
5.935070050208006799e+20 5.603900000000000000e+05 1.955761100000000141e+01
8.122914281282382070e+20 5.679700000000000000e+05 2.493388299999999802e+01
